2000 4460 993
97 761
1877 407
1314 135
328 633
1130 88
9 951
671 1937
707 923
1672 1677
581 230
412 0
1369 888
1008 873
1248 1161
637 637
55 1720
1428 1247
708 1090
1242 1807
97 172
947 1854
667 1739
1071 1016
963 441
637 637
822 853
567 1518
682 1134
1245 1739
1136 404
26 408
1038 1391
127 1039
895 1214
1447 1821
555 1669
703 1674
488 561
1496 352
220 961
1958 1901
637 637
44 356
873 1401
1323 1298
162 371
1697 1948
1870 1337
924 1677
1111 1474
1729 874
1448 1333
637 637
1248 961
922 1059
593 1988
140 1648
667 1050
313 441
173 593
73 1212
1418 1747
1428 334
637 637
1521 1184
1130 690
1174 1196
778 1008
312 895
1977 1169
1894 449
899 1083
143 1270
637 637
539 867
1358 1635
1768 1564
637 637
1143 1800
1556 68
1678 910
1450 450
850 163
817 1960
269 223
795 1727
264 1729
592 1366
299 1446
236 1798
1556 197
720 198
697 138
376 1172
1238 652
775 1052
1269 573
637 637
173 424
186 130
1263 1911
1681 559
1487 879
849 1075
859 1572
637 637
78 1740
637 637
1687 1195
1879 1284
232 94
1616 1326
1030 656
1479 1429
1474 1421
637 637
637 637
1604 1750
470 518
877 1134
10 1336
1426 593
1022 756
1119 35
600 1427
637 637
1968 148
1364 1089
1778 1755
1237 1957
280 907
1822 1970
1945 1916
890 1452
350 181
1250 434
637 637
1320 1140
1978 11
1339 808
240 399
1171 719
142 1432
414 1553
841 860
1458 80
1232 1011
1530 1095
637 637
637 637
1677 923
620 61
640 600
1429 430
1046 1403
1313 894
1838 384
732 1294
1126 618
931 1569
1771 1616
637 637
637 637
771 457
973 969
624 1681
869 428
1276 135
679 1854
1009 984
1227 1059
251 87
1372 185
637 637
1860 518
1841 595
542 490
1388 1676
157 1898
1838 1884
1281 368
14 1895
1823 1035
434 546
228 5
1768 784
932 940
491 734
1475 226
846 1417
1626 1356
1368 38
31 205
1046 1715
637 637
488 1523
1837 350
587 1097
828 927
1687 747
637 637
988 1912
1313 1024
538 1484
887 1267
910 579
637 637
1560 919
1811 1889
312 1895
1801 620
217 743
1166 1094
947 672
892 951
557 1080
509 1902
1084 1551
1397 1592
708 1221
881 1577
981 294
1601 54
119 1159
630 1136
505 1807
1466 829
637 637
1521 1721
1830 128
1731 293
637 637
637 637
1008 1728
1394 820
1577 1312
452 1997
1117 623
322 1128
637 637
637 637
378 740
332 195
511 900
1916 960
1269 1188
760 1854
1606 553
637 637
181 566
811 219
399 15
933 1788
1579 617
126 1334
1074 836
1261 754
39 231
878 31
1264 1871
1256 1685
637 637
895 123
637 637
758 633
748 692
185 1100
1107 1084
637 637
1443 1052
1988 158
1180 1649
504 1620
1292 1753
1308 1354
1164 280
1103 283
120 8
1527 56
1005 598
56 1379
768 161
137 279
105 737
1301 1304
1558 793
582 1412
1451 267
1970 1702
1044 853
747 46
176 1392
77 673
325 53
986 1239
1887 1328
637 637
1636 425
637 637
508 1400
394 1326
278 1576
1594 1390
398 121
274 1541
1627 1007
863 282
180 468
583 1709
1811 374
1815 10
1159 1621
802 614
1480 1526
637 637
43 723
1190 1846
1098 1230
359 1206
637 637
1830 322
1701 75
789 516
637 637
1941 1096
1059 252
124 1216
1538 1104
1774 854
771 1621
1714 917
1802 1628
637 637
1670 1534
371 1263
1980 946
1709 1842
1864 1282
409 1574
1697 220
926 526
1651 867
786 1762
1551 1331
935 944
694 472
778 323
1417 1047
1165 638
1058 164
278 1045
1653 1377
637 637
1016 42
1373 1365
1720 184
1982 1870
79 1092
673 414
1110 1940
974 679
1672 1024
127 1137
258 332
1090 769
1569 1210
350 1272
637 637
1243 1634
993 202
941 1941
364 512
80 1672
1898 1065
637 637
1043 1975
1972 1892
1721 11
70 1636
515 290
88 1851
1746 33
650 542
568 472
1054 1260
1835 1837
1843 111
186 708
362 1545
99 1
1799 413
1976 1682
1908 608
1663 877
994 467
1220 471
1832 975
1901 1307
637 637
1043 464
1168 1860
1033 987
238 1449
343 1826
1211 920
1702 463
1259 333
1830 1022
1952 1811
1597 93
1378 857
766 1496
1296 993
802 1363
938 310
1683 896
595 1742
1422 1734
617 1120
999 462
1786 1646
803 1959
1489 756
1299 1361
637 637
1790 1216
941 1377
101 1714
1393 711
787 1149
1294 43
637 637
637 637
472 1172
1891 925
1691 762
213 172
1665 1761
289 360
1899 730
1777 317
1216 1955
254 478
1326 1513
938 1476
1620 42
1945 1939
379 403
338 1439
637 637
355 1436
1332 859
662 550
1429 1012
1069 702
1219 1240
1776 1361
1794 230
1084 1331
82 1146
1874 1568
1441 33
1302 876
326 1758
1380 305
69 1796
1838 506
1644 559
228 790
1109 1924
1356 684
1223 144
1996 1082
975 18
1464 615
1645 1126
245 262
637 637
125 199
531 373
1636 1983
637 637
1759 837
1849 124
1066 1097
637 637
637 637
546 212
1345 857
239 926
637 637
637 637
1983 311
1516 1567
648 1899
337 149
508 1420
1249 37
1542 845
1322 4
927 868
1400 852
1871 28
1653 233
866 1499
1070 1656
216 982
1624 472
1472 764
252 1624
493 864
600 386
637 637
86 563
1394 997
280 1763
1268 601
1331 155
1674 1771
118 1552
1758 1240
237 314
364 282
83 629
1969 1827
1302 1989
140 949
368 1310
173 1022
499 1818
1551 1880
148 1428
1672 1640
637 637
154 1772
333 826
1765 946
968 1554
637 637
1606 1985
1035 286
830 1013
1392 156
636 691
303 1920
190 1265
338 1400
72 229
1571 583
1520 38
1671 1462
625 887
1631 382
1923 64
1844 851
1194 985
446 1169
602 1112
550 1131
481 474
49 1211
1201 1937
1643 1812
1425 413
801 906
1022 1204
637 637
206 1394
638 198
1189 1235
848 442
1268 817
421 1226
233 459
1552 314
936 714
523 1457
1247 504
178 1422
638 1057
202 1593
1495 843
541 1024
554 640
1576 1565
686 1438
92 425
1796 1666
1274 1453
823 1200
1208 445
23 454
92 1021
1882 1680
26 1826
821 940
637 637
637 637
51 1146
779 1282
588 814
637 637
813 493
1909 666
832 13
601 817
1439 1058
1029 1705
106 1303
1302 1511
956 764
895 1111
786 233
619 302
1433 472
210 1980
122 969
634 296
290 1062
14 1839
514 1263
1914 1280
1917 655
637 637
252 1413
719 359
438 1670
637 637
637 637
825 816
274 263
1049 196
1457 557
1432 1792
637 637
1463 454
725 1453
943 721
756 1028
637 637
637 637
710 1494
1946 91
637 637
672 1432
637 637
1907 36
435 972
1906 98
6 975
548 610
1570 282
637 637
396 639
1226 831
637 637
1018 120
637 637
1952 374
518 1132
116 1974
1370 133
277 1935
1249 355
693 625
1869 135
544 1497
1531 1745
804 1591
937 437
1399 1784
1547 1618
849 1612
793 603
1745 1822
847 1906
1998 954
1649 1550
1494 473
836 1994
1367 557
247 494
70 311
1188 1883
477 1578
1876 1433
1591 1882
120 1160
1939 1721
1193 50
178 156
1368 1485
1892 1019
1524 1992
113 781
1793 137
1631 617
1198 966
996 1832
374 662
637 637
674 1166
1115 597
393 1003
637 637
577 980
1622 286
1919 565
51 1929
1004 747
1254 1396
1779 209
223 31
668 301
1097 1943
1978 1027
1715 110
144 589
1302 246
1566 465
1233 1424
637 637
1811 483
637 637
248 1142
1080 17
637 637
536 1615
91 487
1095 886
778 409
637 637
637 637
1307 35
341 1303
637 637
637 637
1161 1572
199 258
426 370
1705 806
12 1152
1343 60
1783 1842
1964 304
28 1122
704 1974
271 1068
637 637
1902 1739
926 334
699 830
1397 1250
1419 146
886 918
977 883
1342 484
256 358
1790 581
165 1369
212 842
207 1674
512 881
1318 804
1754 1178
1909 818
1654 246
787 415
51 123
141 9
927 861
948 1050
637 637
1924 846
784 613
496 819
221 164
425 1943
918 150
1284 510
1299 192
1630 1151
504 482
1025 510
1747 787
318 1246
1007 1200
1591 119
377 670
1265 565
88 65
928 1731
760 727
637 637
427 1017
980 1860
543 245
234 545
703 1327
355 915
980 1132
1235 160
1667 846
1506 1730
672 343
1330 1156
984 790
1553 1055
1767 320
747 597
1935 319
612 783
637 637
950 1487
1858 1309
1501 751
139 1280
148 1861
110 1989
868 1985
1534 1555
637 637
1982 1164
1334 849
1789 636
663 1441
904 943
1742 310
878 1954
840 1144
594 1092
1969 1630
1729 201
650 1763
637 637
335 85
637 637
775 79
1082 1694
1579 1987
393 254
1812 552
1205 1754
771 1111
1703 1470
184 504
1372 1236
496 444
529 1526
253 1111
766 1040
580 295
1325 701
363 1348
950 520
637 637
1651 572
637 637
1598 1658
637 637
1467 211
551 166
878 1616
415 1321
637 637
240 946
637 637
1212 1213
1917 1359
928 90
1173 931
269 719
32 1603
1727 87
634 604
1368 939
394 348
670 1141
552 1311
135 676
1238 569
637 637
803 830
145 1348
1531 1160
1508 349
1449 113
817 1779
152 1818
736 1253
1752 681
1159 1883
1203 1147
730 977
1452 1761
652 850
637 637
1279 1022
108 1583
740 933
637 637
866 1022
1639 1733
219 491
1071 44
555 812
52 1515
1143 1976
1441 1268
506 235
268 1913
133 1005
571 86
348 377
226 1039
868 5
968 577
1271 1079
1199 808
1727 431
316 671
1287 1026
1185 784
1852 1844
1339 1724
713 435
637 637
1055 1761
78 1873
1456 1312
1329 1872
326 223
1986 1978
737 954
1094 1594
637 637
1133 1180
637 637
1661 1001
814 820
285 244
969 1083
798 654
637 637
1053 920
1793 1087
364 1691
1856 1234
1818 890
445 1907
1722 1784
293 1048
514 714
919 623
1386 1060
637 637
637 637
246 766
1994 1484
1032 1919
317 1563
637 637
234 505
182 1521
1633 1826
229 1286
522 1564
894 667
628 1550
757 1077
1914 760
1913 792
476 1354
637 637
637 637
1162 911
698 1549
1627 1765
1354 1376
93 1835
585 182
1557 136
1070 1394
178 637
1752 1999
637 637
1350 1273
1220 281
614 1436
901 1814
637 637
1953 316
807 819
389 865
179 912
637 637
180 103
637 637
1493 1286
890 536
1638 1317
1180 669
1620 1299
1376 476
1420 1242
1278 49
1210 1360
1897 956
929 1967
214 1887
1329 34
344 1836
1060 959
268 1275
755 1759
1549 238
1461 58
1657 1508
836 538
1080 1743
916 941
1737 1697
1011 1014
957 1362
695 1375
750 1078
1459 365
1979 1175
1073 1491
921 140
951 1633
1811 1806
1098 745
637 637
637 637
1020 168
978 1371
655 782
894 13
403 825
423 1935
1077 677
872 1254
1932 1639
879 1593
637 637
499 540
1860 17
1803 507
66 401
319 423
683 1780
1751 892
709 295
845 1418
1297 1031
1950 1967
1932 1167
1712 1363
1000 441
1627 1796
79 1891
271 1435
1514 967
751 715
1000 97
687 1108
587 1066
1624 1227
1853 837
1979 1752
45 385
1881 1522
607 201
637 637
1643 17
1320 1083
637 637
637 637
1382 778
319 609
1641 1049
1760 658
764 1700
1101 675
1925 66
637 637
523 678
1861 1428
1324 222
320 602
1529 1905
86 208
1930 1326
1089 1840
513 1459
1549 287
1927 654
1733 1066
1396 834
673 1398
859 1314
637 637
638 1090
254 78
1073 1937
11 1027
1617 145
1873 930
1879 1351
343 807
637 637
514 842
716 225
1892 1800
637 637
433 746
637 637
179 1608
682 1633
1372 1690
1182 1947
767 918
455 1257
1061 913
1870 372
359 737
1074 1879
1775 1425
637 637
753 798
603 848
1849 230
1926 855
339 1297
934 213
1398 1877
674 1346
769 638
1623 39
637 637
1977 1880
765 1238
1224 512
392 740
637 637
72 1539
1844 126
1712 614
898 970
1885 1196
321 572
1333 225
680 430
445 1227
399 215
608 1299
1271 1092
829 151
1323 1107
1808 858
1966 4
1767 115
279 1942
1857 1745
253 1424
1083 1804
637 637
1628 152
1917 190
1875 1164
348 460
1828 135
1707 1543
1912 1655
591 831
472 1280
1765 1041
637 637
107 1895
616 486
717 214
949 979
1128 218
199 332
1659 1694
1610 931
637 637
1932 1331
1311 1921
1866 558
637 637
1258 364
1770 1940
422 1763
1049 696
1541 789
1588 242
545 567
1046 329
469 1707
1898 1061
1168 518
376 1848
1395 1811
271 646
128 1204
377 463
1798 1209
1059 472
445 1971
1263 1813
233 1272
1762 233
371 1237
1293 1689
285 1423
637 637
133 464
1183 1336
617 682
210 748
256 1324
1041 1118
1880 560
637 637
700 986
1269 791
1251 1129
1143 469
1154 605
1094 345
645 418
1719 1884
1465 6
1884 928
1433 68
637 637
1871 290
1281 148
262 1268
1860 630
1639 261
1808 1222
820 19
854 1033
165 591
1634 722
1497 1220
190 1358
905 247
1933 765
1326 632
555 1808
778 444
1878 326
1662 1494
637 637
1156 266
241 601
1895 1093
799 1354
955 305
1675 58
573 694
1392 1772
1864 375
1202 1329
1326 878
13 118
1095 1598
637 637
170 708
26 951
9 1582
382 1123
1163 333
629 800
1004 1102
331 1773
1130 588
1537 812
327 1464
1511 1081
166 1211
1363 473
528 1389
1652 1133
99 1595
574 1607
441 84
637 637
815 1973
1010 1080
1860 1131
111 903
1010 899
1088 1001
1763 388
151 873
510 1225
1486 1337
1229 101
1776 460
147 928
145 1461
1849 1589
410 28
1840 1126
712 1191
358 1278
589 1548
951 398
1905 1198
1447 884
1961 1173
637 637
880 228
588 1698
76 829
305 1817
1745 45
1728 115
637 637
682 1344
1032 1163
583 1291
571 1362
76 765
1725 391
618 346
416 544
1411 529
1911 1961
1125 324
1213 652
1198 1800
896 1458
1517 461
788 1215
195 233
353 1414
575 443
340 325
1228 820
1457 1241
1850 1490
688 1936
1783 1623
79 378
1621 1607
60 131
130 1259
1889 14
1595 1484
367 1900
458 209
1800 399
1204 1028
946 396
1706 1429
637 637
237 1289
1928 139
898 702
222 1479
637 637
690 645
1073 210
584 1030
1813 835
675 7
1499 307
1889 439
637 637
393 1197
829 1370
123 797
1469 234
1615 1035
767 1445
727 1854
1189 171
1135 1769
637 637
1412 1636
1365 1261
669 823
654 1878
1808 83
1911 1716
637 637
901 1785
1270 674
1159 771
637 637
985 1781
1345 1375
1349 602
736 436
1570 56
96 1827
1856 1476
190 691
19 1228
637 637
1496 1730
1336 1319
291 505
1485 747
1767 14
522 477
1182 126
401 258
1738 971
1816 1678
140 700
42 169
637 637
959 770
1345 1231
637 637
637 637
160 446
1842 1291
1258 713
538 932
1527 1207
772 1794
1283 533
1607 398
1504 877
1036 259
637 637
989 541
891 952
920 358
769 235
689 1164
313 802
1055 1118
1171 302
659 1044
1134 1850
243 114
1813 1079
1804 509
391 267
706 1006
222 1466
661 1933
439 1767
421 712
637 637
988 703
191 977
637 637
647 859
1303 693
944 1062
1298 1359
1535 82
301 1341
1470 129
1487 202
1659 1923
427 1180
39 590
551 1503
1397 434
1957 514
637 637
1491 272
1946 1290
1674 1327
703 1172
637 637
637 637
1695 1740
637 637
1811 1919
483 885
0 306
533 1521
749 164
420 653
1278 551
1072 1693
598 745
637 637
1498 315
742 1406
819 1015
375 1276
444 947
1178 840
21 373
637 637
141 1022
1677 1625
411 1805
376 1362
1070 129
1153 640
637 637
44 658
1357 1407
496 998
1272 1762
270 1869
858 95
957 1547
1049 1816
1824 1708
631 401
334 1673
1864 811
136 1886
1703 384
1614 1103
62 535
993 950
428 1699
1254 1382
852 1613
1576 1077
953 1825
1865 729
660 1130
757 1769
1691 1355
66 1799
552 912
708 899
465 610
1062 366
259 1562
1618 524
637 637
676 1823
1120 555
1838 147
1144 1079
778 1671
1726 1896
568 1542
30 1482
433 358
1163 967
23 277
1336 228
176 819
1746 1507
347 1687
659 503
601 431
141 1279
1886 422
722 1360
1830 1279
1230 745
1399 1015
271 1918
1587 722
285 1373
1196 1600
637 637
1621 253
544 552
1782 1404
1937 588
1276 779
627 1070
443 787
195 990
1393 1177
1984 132
1426 1411
1996 1694
1994 1351
714 1353
1798 914
637 637
1167 154
230 1086
637 637
637 637
369 1571
1110 913
424 1034
1901 388
1682 978
1431 1986
1819 107
1853 50
1352 123
705 1491
215 1972
1353 549
1573 416
724 1340
1064 1909
435 771
1141 1575
907 1763
438 1851
255 167
876 1798
1976 300
1807 400
1590 1613
1362 479
234 291
187 1158
624 1946
569 304
637 637
40 1673
1799 720
1042 78
1520 565
1650 657
1985 828
1132 550
11 1376
1505 1367
1820 1482
903 864
1325 384
637 637
637 637
1545 1779
263 1546
637 637
1313 1314
1435 1918
350 991
800 226
1767 1014
1222 833
637 637
940 1074
1951 720
535 704
1732 1246
1784 412
334 449
1262 412
1987 599
325 395
308 91
143 708
637 637
1728 1329
1897 1585
1428 45
1138 438
1195 193
1184 585
266 404
734 1508
1081 1302
1519 1579
1539 81
1105 156
953 595
716 908
807 406
836 676
1976 171
473 1712
637 637
1490 1037
637 637
1404 1336
45 1267
637 637
1523 1209
637 637
734 1864
1277 1847
928 1640
1650 1109
270 1823
699 1908
541 627
1179 707
1956 1462
1182 629
1276 219
818 1754
13 263
1927 611
637 637
13 151
269 966
730 1244
1007 1041
1906 1315
6 902
1150 42
311 1295
490 10
637 637
837 1262
419 707
383 482
642 912
637 637
1429 664
1820 495
153 629
309 1448
1430 520
1071 1311
1003 1873
637 637
1753 596
637 637
961 863
1714 1914
1638 34
1510 1601
1623 1644
1922 1540
571 563
1465 1699
1524 1550
1256 1789
637 637
1068 923
637 637
637 637
1061 1642
1901 1657
1951 691
707 1684
85 1517
1931 344
1805 1739
1955 1086
1215 419
1027 1376
1645 880
860 17
1902 1858
637 637
1509 460
1065 1652
820 1051
273 1613
1977 1107
73 1812
1293 1249
5 56
937 1593
175 206
380 614
1934 1036
1730 889
103 1894
637 637
55 1950
1323 1225
953 1841
908 945
1982 1337
1943 587
850 1213
1888 543
637 637
256 956
637 637
637 637
585 203
1587 1055
208 1492
1246 1014
1560 1050
1087 1942
1218 1686
1344 1465
1985 1946
1662 760
637 637
729 712
1757 318
562 390
977 168
1355 364
1482 653
1743 1457
1402 1604
198 290
390 62
1949 71
946 1791
1416 1235
1611 1155
1679 134
492 1426
701 1245
637 637
143 1594
1221 188
1843 214
637 637
1061 1504
164 338
1988 1044
77 1081
239 621
524 105
637 637
370 1334
1710 685
1754 840
703 773
1717 626
581 1302
1633 26
48 1824
117 290
1735 385
637 637
561 758
879 950
1162 1852
1785 1908
1622 1350
784 1194
622 1407
335 1518
31 1502
710 380
748 862
1489 1878
127 45
1467 980
216 1414
1146 1171
1599 1124
871 1338
1519 1455
637 637
1546 342
37 1731
1338 266
729 831
1314 405
1170 1340
1190 446
637 637
155 1551
457 521
715 320
480 21
637 637
1237 189
166 1503
969 1809
1551 1036
637 637
1689 576
518 1131
1315 1539
1034 1981
852 221
637 637
851 911
623 1560
637 637
582 1515
1913 1089
1781 555
844 123
344 247
482 639
1302 114
714 967
311 425
1222 1213
1647 759
758 694
1265 1789
1471 1835
637 637
222 1565
637 637
111 804
1872 1638
1088 1847
843 528
44 877
1699 902
1784 937
189 1333
1484 927
1000 108
107 726
501 1516
649 1453
832 1533
708 1085
14 1395
1359 865
550 1860
122 973
864 1843
824 1999
684 1495
15 786
1280 564
637 637
1360 1380
680 87
769 1057
1817 63
1596 765
1235 171
242 1405
637 637
781 1695
796 776
1049 1678
1973 1322
171 1416
773 1091
637 637
382 1030
637 637
1211 551
1962 1604
868 494
408 1643
888 426
637 637
18 983
637 637
1855 824
1844 1162
211 1132
1715 1290
918 635
1587 822
1592 642
1665 274
1786 1402
1410 1311
637 637
1456 528
474 594
1663 1664
1997 1345
392 1385
917 1322
1234 870
1172 897
1810 1990
929 1509
1652 939
183 1110
1340 244
717 337
1575 1659
1881 1769
526 1026
1776 1967
825 1064
1333 598
637 637
1581 453
487 624
1861 920
544 1524
637 637
344 694
447 254
1861 40
407 752
413 1357
1297 1049
1035 270
1096 1052
766 1081
1780 300
637 637
418 500
330 1925
783 1982
1690 1770
1000 312
637 637
1 30
1718 1305
1147 641
1413 588
1880 1084
226 1798
1361 761
1310 1876
1855 1979
461 800
245 1827
275 1932
442 1611
1950 1720
1896 474
1228 1413
1170 502
454 1076
1100 298
637 637
599 761
275 1733
297 1196
1548 1614
1046 1038
465 1215
1484 836
1210 1173
1361 1941
1136 406
637 637
1279 1489
1729 60
1055 1398
1448 1451
637 637
637 637
1733 189
351 1320
40 1494
281 1787
637 637
540 1264
1551 560
1590 454
227 805
637 637
794 595
637 637
1246 1501
874 273
177 205
1392 1332
637 637
1609 1384
1737 1629
1364 1594
1854 710
1791 482
848 991
1072 342
1168 1132
321 1651
1929 303
1918 1442
662 1889
1329 1292
1836 1996
637 637
637 637
2 1520
867 1498
637 637
14 1734
194 1863
1775 57
1832 1048
944 697
1397 546
363 1163
1436 1093
1708 1057
620 536
1758 1661
141 1830
1319 701
94 68
1950 649
1629 1897
345 1020
637 637
129 1703
1475 800
1239 196
798 1927
1123 1556
1237 1114
423 25
1693 1268
742 223
805 1538
540 1236
753 1927
637 637
1410 632
1051 1338
637 637
585 878
1671 1518
1622 1228
1905 1019
129 643
535 1974
98 72
1120 1123
883 168
1593 1288
558 978
1701 1917
156 1613
376 789
1989 1654
1389 532
218 95
15 233
637 637
485 1824
1050 1865
637 637
386 640
637 637
418 553
451 1840
700 1261
1416 160
1499 1785
881 1780
1341 342
398 383
181 750
714 1639
1236 499
112 691
889 1506
526 361
1339 1831
932 821
1650 1211
302 269
1322 1710
1816 1430
1482 1409
63 9
317 1524
1081 1989
17 1592
112 565
1769 327
761 1425
946 639
1908 1136
1233 1596
205 1797
1092 1984
460 1967
1142 1500
1968 942
352 1672
336 1473
896 352
831 1227
1097 92
286 1700
939 1338
1905 1800
787 1139
1771 814
597 775
831 421
1033 1371
1685 171
346 268
1604 887
626 1773
174 103
132 481
1225 1284
288 300
220 1266
1579 1203
1505 833
1477 1265
980 1168
1234 582
833 163
1010 1341
902 1344
637 637
703 1091
35 598
1876 232
1323 1038
726 1854
812 1092
384 511
637 637
1391 1392
497 137
637 637
637 637
7 970
1516 60
471 1787
57 117
1290 869
1149 735
1867 339
1858 351
743 1523
637 637
661 1904
1184 409
89 1764
641 1371
1455 1447
637 637
380 679
1684 355
1193 1853
637 637
61 1995
1461 732
294 1255
22 872
662 1149
128 141
1834 982
1778 637
1479 256
270 1622
837 412
1588 1640
1752 1515
1140 351
1922 146
1349 1135
1580 733
1106 692
595 310
345 191
250 1928
1430 1867
366 57
402 183
637 637
842 98
1076 1217
516 274
341 1088
705 882
925 1640
1574 1945
932 1284
253 1159
136 1164
3 1923
75 1783
594 1321
1367 1743
1441 1746
307 619
637 637
1502 731
1321 1478
165 716
1773 1397
567 46
989 694
1249 293
1346 411
866 575
126 1852
49 166
671 1157
1187 1046
372 299
1046 93
726 870
18 902
1530 1598
1769 1576
1438 381
711 1726
773 1660
1494 679
983 1832
330 1774
293 355
1884 342
1129 637
1100 1054
156 456
1746 1581
447 556
428 1681
637 637
737 891
30 347
1121 663
767 886
1764 1851
1266 357
1567 1079
229 1539
1339 10
1200 69
1250 710
1088 1303
298 1054
24 1900
962 1928
1893 387
405 647
1008 1671
717 149
216 1404
1595 1
1080 523
1251 1778
637 637
965 1085
1896 39
1943 92
637 637
1387 1185
144 1277
1659 3
969 1874
498 1332
225 309
835 6
449 1963
1316 718
692 705
1760 8
1161 953
635 1336
226 1137
224 1362
602 1303
914 127
1549 781
1598 427
1761 1002
1718 1949
1282 1590
1116 600
230 1955
1529 1972
1996 561
36 1296
1755 1129
1370 1005
1985 1232
1777 1997
1188 1483
1296 1414
45 1702
568 506
235 147
859 1467
964 1256
1446 1486
606 659
372 919
389 1046
1427 1527
1992 1649
82 1171
1387 1503
1486 333
1403 1025
358 166
633 759
1434 1056
1665 1803
189 752
474 812
622 1107
1247 1720
475 500
1740 698
851 1182
1732 162
637 637
637 637
1121 795
525 1023
1474 1352
1464 1087
755 1144
1500 1519
201 292
1962 366
1672 224
637 637
1019 215
193 347
801 1764
519 40
3 1575
637 637
1604 1068
856 1777
444 589
637 637
296 1799
1504 963
552 1921
565 190
153 1609
476 1431
1744 932
1794 157
812 1321
1875 1163
1942 1219
913 1495
637 637
1363 313
637 637
1815 23
791 1248
157 1072
1096 761
855 815
106 1101
1707 1882
637 637
1644 1117
731 205
637 637
1764 1670
174 967
1664 611
733 390
1131 1467
438 913
1994 501
654 1585
59 606
200 958
1858 1140
1390 1166
1512 67
1614 1223
1221 1457
642 1812
1564 314
1142 1468
1147 1579
1114 1363
1513 1930
1922 1482
530 1031
909 1506
102 1183
1841 794
723 279
1241 1367
637 637
637 637
637 637
1559 904
593 1789
33 1727
1990 397
7 1069
1581 1271
1071 1440
461 1647
1054 1372
1669 1592
301 1546
1655 1600
1141 551
1860 181
893 810
1883 1111
1374 246
832 153
1107 560
710 1724
637 637
1638 1202
1287 1076
637 637
1154 391
672 1862
645 1130
395 69
1739 1025
618 1078
667 1011
1004 973
1138 1764
992 955
572 867
58 429
1975 1667
672 496
1191 1226
1090 1253
637 637
746 12
1534 1851
1124 1815
834 1980
1536 1577
1629 961
1722 1399
1404 122
111 909
1692 322
1831 1576
898 1101
652 313
721 739
1263 646
458 1240
1868 367
1755 1465
1206 619
46 1469
954 584
149 1506
637 637
637 637
35 464
540 605
240 870
314 952
1464 1481
637 637
1435 1105
637 637
1448 1198
637 637
66 987
1841 1161
1544 809
1131 470
1337 1446
468 1443
282 530
1756 195
1162 851
574 380
1713 376
761 1775
1982 612
463 1857
1420 400
448 788
270 631
134 774
59 1451
637 637
354 1648
1197 1873
1125 56
1883 1474
56 282
637 637
1426 24
1212 1618
1431 799
987 330
942 519
1567 1460
1122 1626
1789 565
1437 1834
1103 1661
646 1068
101 696
637 637
342 548
1478 415
1137 1798
637 637
1391 1323
236 8
566 1677
1473 321
247 1217
1903 759
324 590
429 27
1681 91
1520 1741
588 175
1048 37
402 1174
1219 1087
1696 506
224 1312
735 1139
1063 587
507 516
1097 425
666 517
1933 255
393 1174
693 1192
1348 1032
810 1515
1179 788
1749 1690
1374 209
1196 657
973 1782
328 1710
1257 887
667 1313
637 637
766 351
991 656
1983 184
1861 438
1234 169
1940 183
830 876
1787 988
364 1480
1069 1102
752 275
623 687
1731 1249
1700 1472
1561 729
231 1125
289 541
1057 485
577 1962
1453 1950
950 1990
1536 312
1129 1778
637 637
1750 271
822 77
1957 228
906 1138
1377 1612
126 954
1955 1790
1653 916
839 755
909 717
816 1980
91 691
1632 1420
756 173
637 637
1255 1433
1831 798
1371 753
1959 628
1433 1252
769 48
61 392
1966 1926
1913 451
1300 1053
932 741
1555 1079
1450 567
198 296
671 923
952 1154
1692 1414
196 700
447 1097
1484 1336
1792 513
1232 247
1436 963
888 236
613 1387
637 637
1160 726
967 1875
1688 101
521 1809
637 637
1529 215
1493 769
1963 369
875 336
651 265
68 368
437 893
136 689
367 1969
1435 577
1175 502
1424 1696
1453 929
929 1776
1707 1682
996 1344
1594 743
545 1810
1084 1977
1415 75
1726 1125
352 1683
572 539
1673 1861
1101 970
1703 1930
430 251
1179 489
1656 1335
71 583
1618 660
596 1938
1399 430
407 822
445 665
1347 1977
1037 1850
637 637
962 1007
1366 1753
1601 884
628 1013
637 637
329 1339
191 221
851 1852
1540 741
637 637
1787 73
921 1562
735 61
546 1773
27 1675
385 263
1285 1959
1317 1126
1869 1622
477 922
1226 322
1406 1637
1375 452
186 1259
834 200
691 1635
1146 269
154 1932
962 696
809 1653
1871 1154
623 727
618 451
1623 257
898 675
1269 1589
1821 76
657 1885
1498 1789
1912 703
1340 1537
66 424
1795 433
637 637
1186 1839
331 212
1284 1346
96 1494
213 176
1704 1093
1176 1362
1244 1175
150 1934
718 677
993 1593
524 584
356 1016
1692 361
56 863
707 1171
842 1136
1419 1018
637 637
162 1188
728 1966
1310 68
637 637
1769 644
637 637
154 936
1862 1775
1328 1452
295 1629
952 630
637 637
874 264
1770 2
588 1394
29 1440
315 875
1489 141
637 637
657 1174
127 629
1068 577
139 13
609 750
1382 1008
1615 152
637 637
792 1089
1126 268
281 518
225 785
1075 781
395 1935
1179 167
395 23
1403 1373
1930 678
823 744
1567 1608
637 637
141 1478
298 192
637 637
503 1044
1394 1698
41 102
1760 1341
824 1752
1584 942
637 637
883 1899
76 1233
1698 175
1924 1975
970 1069
1528 335
532 402
527 1403
1113 773
416 1534
265 797
983 1699
607 1080
813 1214
465 448
1978 1168
670 42
1401 1466
1106 1374
637 637
777 1655
718 1911
292 12
1001 1632
780 1408
1158 1464
310 1246
569 1578
703 1113
1699 18
922 1172
1072 772
1335 1719
199 631
637 637
1334 165
563 1176
475 1829
944 515
386 239
406 871
717 1350
1955 581
11 1431
637 637
741 146
749 1825
637 637
1979 322
250 61
24 1766
658 1016
1003 447
637 637
546 438
1497 1787
925 1758
751 1011
1806 1135
529 1900
1912 1663
95 424
1493 1165
637 637
116 1997
893 1987
1223 1548
1291 103
637 637
1212 471
1727 994
681 1175
1442 646
471 1573
637 637
415 812
637 637
954 436
174 104
167 186
1476 1085
520 879
167 143
373 475
1600 1885
1930 1177
1070 1139
1582 63
1423 1364
637 637
1543 1719
608 1570
94 1310
1358 1265
1907 1965
1995 15
1151 1199
899 1032
990 332
637 637
637 637
637 637
517 379
1085 326
1565 644
637 637
272 1374
1549 630
277 340
446 1235
759 1209
637 637
1675 1586
754 196
1821 1510
1607 1706
1456 224
1148 1656
466 179
296 1056
523 1367
637 637
947 807
637 637
40 1968
36 1035
598 1370
150 1547
1752 502
833 1293
795 1621
1093 45
1796 1765
1122 1799
637 637
964 1762
637 637
261 526
1948 220
1531 1895
1723 919
912 1812
842 1696
1543 1318
984 1649
1742 1771
332 401
38 1133
637 637
1272 61
13 873
484 480
1845 816
1323 1359
827 829
1605 150
637 637
1813 1518
1859 1688
533 1366
678 1532
292 607
99 1753
312 1376
1740 1193
174 1314
1319 1602
1882 1143
637 637
354 754
637 637
1590 31
1305 1419
1774 1718
493 909
443 1149
1233 765
104 1513
993 1487
1736 1190
188 109
537 497
1883 119
1099 237
65 690
960 276
1439 508
862 651
1814 1766
758 573
979 174
1917 1809
1593 29
864 747
286 135
1273 1053
907 1886
1464 1093
688 381
637 637
1445 229
1756 258
1112 341
586 604
349 796
1297 1839
67 1050
977 1020
1611 603
1396 98
556 393
1734 15
1349 1088
637 637
1860 211
1847 283
286 270
1641 1816
1021 626
1657 349
797 457
1748 1915
496 1309
1317 1202
905 1985
839 1910
1354 1833
1065 1692
104 949
520 1288
953 1569
1332 934
33 1121
1341 1735
1139 1542
842 1940
1214 1828
1744 498
1462 156
131 764
80 223
64 1659
811 87
1583 1403
696 1859
1144 818
1642 1794
283 144
263 668
1464 609
1663 611
1165 195
1835 737
637 637
1384 1148
1344 1914
637 637
637 637
637 637
1742 938
1195 1738
637 637
535 1221
816 51
1716 1316
944 290
1253 1589
608 1278
1561 1393
1383 1795
1379 1570
637 637
1894 369
1391 389
839 1178
1511 1715
1174 1067
161 621
709 612
1168 470
1583 1000
637 637
569 1771
448 1566
637 637
209 575
467 1746
114 203
983 35
1474 1188
120 831
549 1342
1100 388
1964 1512
418 984
1440 993
1273 135
1048 1249
637 637
1837 118
633 1503
698 1075
974 1809
1937 924
810 1769
1753 1679
443 845
637 637
276 1558
694 1931
1564 118
1522 1209
393 1725
1023 6
637 637
1028 128
625 1349
292 1248
554 1153
637 637
1727 523
1691 1532
1846 104
877 1893
423 1493
637 637
637 637
209 1648
637 637
1303 625
686 688
1863 1301
752 968
637 637
637 637
1070 289
637 637
180 1096
1444 1421
1688 1714
1555 466
784 1028
1814 256
1802 1801
139 827
634 1920
637 637
1405 997
637 637
383 396
884 1821
637 637
1275 1929
605 522
1671 323
637 637
959 1468
298 1236
1396 1382
417 1742
244 1537
757 1861
639 242
1003 78
637 637
1647 1528
521 974
637 637
1481 181
1719 1384
1685 1189
1348 333
1439 1799
1668 780
1160 1700
637 637
664 424
1920 1275
146 1724
491 1864
891 1030
637 637
1454 634
1016 1625
1900 492
677 1881
1489 128
1613 1386
804 1814
1646 633
1834 874
1154 118
621 768
260 200
1851 1822
1940 913
64 1141
1788 58
1271 713
1662 710
1207 328
637 637
637 637
637 637
1018 55
1134 1557
637 637
1693 976
1815 429
1135 327
1247 192
1937 1953
84 313
637 637
45 1857
1839 716
637 637
930 686
267 1725
637 637
1534 501
500 65
1788 1675
968 741
463 1704
1682 1378
420 86
117 697
53 898
1038 1802
600 239
521 963
1331 1880
970 1102
1309 199
494 440
972 172
553 500
774 770
179 1516
637 637
637 637
1971 1378
37 1029
1078 615
505 1810
969 1782
637 637
637 637
915 1029
1997 1378
310 960
57 944
1390 5
1288 202
1679 1445
807 444
1525 1193
637 637
33 1951
1114 1732
1296 412
415 1092
952 1564
1318 1585
633 1402
320 546
555 1352
1814 956
1810 234
637 637
667 1013
309 169
637 637
261 218
365 736
834 22
1597 1958
637 637
297 1170
337 1734
958 1890
982 1004
876 59
1797 177
345 168
170 109
637 637
1227 922
55 1509
785 309
481 1041
1674 443
1334 441
1931 1082
29 404
1409 1929
1827 1229
1067 1944
882 31
497 1087
404 1051
222 1814
243 1501
1263 423
1590 811
1550 1992
858 1222
1538 488
423 325
1589 365
637 637
637 637
1509 1274
30 99
885 1758
1516 1608
896 928
858 833
1118 1104
126 1162
861 243
956 901
396 1980
637 637
1488 568
685 728
1297 1097
63 1853
1515 764
1219 279
951 1689
1488 1844
66 1774
54 926
1475 477
140 458
1948 1893
814 1698
565 1635
1386 456
1500 884
637 637
637 637
149 903
961 1737
1884 90
637 637
1157 924
895 1536
1162 1117
483 1661
1293 1808
1862 807
1598 356
1369 983
1201 1677
200 1464
1524 984
168 648
64 858
292 1138
468 1052
239 1153
1016 44
1460 1079
1766 1411
1516 472
1248 102
201 1269
677 1769
1537 109
1685 160
1308 1890
1289 591
373 628
783 967
136 912
806 293
1041 1666
382 1579
391 606
1383 1152
873 827
1089 618
1633 398
1331 1347
644 1135
1087 1680
994 124
674 285
22 1724
838 378
1510 1572
705 1106
1721 585
1920 1209
488 1437
763 1345
453 1205
1543 138
1140 1010
602 341
427 48
361 1490
637 637
1831 329
400 1001
1904 1124
1533 1260
1554 1218
1135 974
1100 331
1185 1768
637 637
1515 2
739 860
1039 1475
1051 1330
1407 1434
1307 1676
1357 198
1171 359
637 637
730 1966
692 1383
754 101
660 150
637 637
470 639
1243 305
1640 79
284 724
367 1477
1017 767
1197 556
1045 525
1970 1745
1349 1192
1097 1986
407 1313
1255 547
155 560
1952 1056
626 1063
1856 1227
172 1536
953 600
1621 1883
637 637
398 996
1267 1343
1018 107
90 1603
1884 1424
51 1845
1651 315
487 559
637 637
1724 380
1961 718
732 1119
478 232
513 1677
1156 630
637 637
1256 1189
1781 1786
1772 1450
25 1815
1281 1876
667 1327
637 637
1563 1992
637 637
97 967
1540 1454
787 1542
650 41
1183 1144
1921 17
543 1912
272 882
1094 694
976 1072
1805 701
114 1757
628 1313
637 637
927 1986
1078 187
744 1652
637 637
1989 95
1177 1410
1108 623
637 637
699 1872
1361 1425
484 1153
1939 1723
390 1943
1022 229
1904 167
1476 1161
733 1009
1292 1728
1753 1283
819 1471
1993 1756
1384 832
458 1277
1955 543
1047 1043
1298 1581
113 698
1274 1950
824 681
637 637
264 227
1847 1614
814 1228
582 995
1014 861
1126 303
354 1246
834 1429
1340 1785
1210 1716
1654 1040
1472 455
637 637
382 1203
1009 74
1672 1496
1523 1480
775 1115
1619 418
38 548
1488 831
353 828
1445 72
776 1388
1906 1286
1910 1949
6 996
146 968
1851 801
990 1309
930 1042
637 637
637 637
622 560
656 1301
1534 432
1882 1482
1467 1132
1332 1744
1702 1745
1615 1440
719 1535
637 637
196 1261
637 637
557 249
1822 463
1307 1657
785 1186
522 118
524 436
1895 120
1568 216
637 1915
517 295
1680 1793
637 637
34 1292
1673 1584
1295 995
1181 1323
1260 1148
335 685
287 1075
220 357
444 1564
604 322
665 1907
1794 1504
52 453
134 615
1553 841
1104 1627
1608 1555
449 103
357 596
859 4
161 1153
1409 1920
979 503
1971 857
310 417
1385 459
1447 1716
1493 1786
323 1781
1023 1071
1381 1802
934 1450
805 310
1748 116
637 637
637 637
637 637
637 637
1572 1846
307 1617
458 1991
1755 1251
637 637
279 1793
637 637
1703 1070
637 637
1306 1897
637 637
1658 427
767 1530
268 251
1384 184
1952 14
254 1197
203 182
328 1786
637 637
1026 1554
637 637
1729 1437
1102 53
343 95
1667 761
1223 1475
637 637
826 363
1498 966
1819 1018
426 165
357 295
502 824
1827 1314
1013 1285
1682 469
656 524
707 250
637 637
811 1276
76 1238
1350 258
1173 1716
637 637
1767 374
1898 976
608 1379
1040 1081
330 1953
637 637
1836 965
1729 288
136 887
1047 497
1286 847
257 1368
163 1505
1825 221
1279 1444
1920 802
1960 241
1205 165
1153 1532
1507 1721
1954 1771
1878 1866
984 335
1308 200
4 1710
844 125
998 1862
1052 1361
8 1230
925 1485
1519 1772
739 658
924 923
1756 199
1537 170
256 412
1982 1201
664 680
834 7
637 637
1365 164
1352 521
1439 1400
1419 854
360 1070
1925 258
643 989
1496 109
281 1573
1308 1325
923 1953
1586 933
189 1167
1086 1736
772 300
192 1150
1920 1454
727 1724
1723 1865
637 637
1468 1613
1219 1793
1476 358
650 1105
1830 1489
637 637
637 637
1409 1454
637 637
1274 929
882 692
637 637
1141 1086
955 877
1281 68
1124 661
637 637
598 1119
637 637
939 257
821 1994
568 126
860 534
193 1595
403 1797
1390 1364
637 637
637 637
249 523
67 410
912 408
637 637
883 345
711 119
453 1842
1327 1091
637 637
1144 1546
770 1105
1337 709
140 1547
1002 777
1748 1778
1892 1198
1422 1748
751 1686
710 1914
1632 1211
1182 1162
637 637
538 770
741 181
637 637
1924 258
1276 1282
945 309
577 1367
615 1481
109 284
637 637
782 1415
1747 575
92 429
637 637
1266 1540
861 1397
1885 1067
1364 285
338 852
1019 1800
1360 1582
1612 204
637 637
456 1468
692 1159
442 603
637 637
1831 367
628 876
637 637
1028 1279
1590 277
637 637
1919 1514
959 27
1890 511
1974 1596
479 86
637 637
116 1778
388 1557
627 15
989 1905
353 1065
242 946
1162 1752
1602 1645
1577 683
637 637
1269 650
1119 745
637 637
1750 646
637 637
360 1703
626 1902
1071 1760
1833 1986
1043 1417
774 596
1741 844
1010 1902
124 1190
1552 1564
320 331
637 637
723 1499
220 2
1039 629
997 383
998 640
1056 1951
1183 292
1871 86
382 1870
1555 1734
1079 466
89 438
637 637
333 1875
919 948
780 1523
637 637
637 637
638 48
156 273
47 625
637 637
1601 248
1095 1582
260 159
637 637
138 935
590 1561
637 637
547 1383
1355 762
1532 1080
935 290
381 194
1190 1849
833 830
197 855
1887 1597
1069 542
616 1786
1155 1916
1795 981
792 1126
1524 1027
69 57
637 637
1660 207
914 1137
1943 1336
610 263
1015 1847
1181 1980
440 905
1414 1208
1625 923
590 1896
1637 1596
1402 616
1169 964
637 637
71 755
1999 297
790 1649
1865 1633
637 637
666 1661
1639 31
1574 567
1157 1201
385 1546
356 278
1462 992
543 1960
463 1965
6 49
1694 344
1526 1668
1862 444
1483 1883
238 698
1562 957
1015 461
789 1713
141 1466
595 848
438 801
921 728
805 158
1809 1352
1779 495
1255 12
464 1098
400 483
1356 1122
8 1471
637 637
130 1599
1372 298
1227 1958
725 686
436 105
164 508
637 637
1649 1127
1826 576
1975 322
1396 323
1419 443
410 1050
637 637
1421 1544
1575 790
827 13
917 759
600 161
93 738
1938 592
1260 399
637 637
772 157
1560 1723
485 1493
714 275
1242 1661
1961 974
437 284
545 1469
1456 683
1470 592
1094 285
1442 586
637 637
1160 240
1648 921
113 287
1293 1837
1240 537
637 637
1826 1689
1890 1325
1239 527
653 571
965 205
865 1187
637 637
64 394
637 637
119 253
888 338
1895 1819
811 273
637 637
21 531
606 1044
891 1998
603 1851
1811 1292
1215 1179
60 764
637 637
238 1075
637 637
637 637
1507 663
1304 725
1348 1514
637 637
459 1995
361 682
762 1581
50 1759
980 470
1828 108
637 637
717 864
247 1985
121 1751
450 1332
474 132
54 1485
204 1444
591 729
1711 1619
74 562
637 637
1582 1243
1936 725
637 637
773 1327
868 1232
323 834
1152 1098
177 965
1936 1438
221 749
1971 695
1117 1701
577 646
1232 1606
870 1531
842 715
748 1374
1 193
100 362
1116 640
1145 586
917 962
725 1301
632 878
857 763
159 1308
1173 1610
1845 1064
1719 153
1717 587
637 637
876 894
1506 352
900 260
456 1060
745 1370
18 659
1578 118
966 1529
1358 1477
971 30
157 473
294 547
1721 182
1031 1785
1063 1097
1676 1958
1684 258
716 737
1425 180
274 507
1310 1281
432 89
180 1052
486 1427
1037 413
1375 1971
534 1559
1415 627
462 841
1231 1971
637 637
981 12
559 308
1516 1460
1669 613
1825 852
637 637
306 1525
578 1223
1063 1717
611 1956
1756 332
666 1023
637 637
972 1258
60 1267
339 1091
22 604
1226 1099
169 1247
1353 21
336 1939
299 1697
1566 1452
1994 1368
1615 1381
1446 1113
303 1820
1408 1522
1106 1073
607 41
637 637
184 1299
1806 1952
772 976
20 792
1249 915
419 489
115 1682
313 1436
7 1550
732 176
637 637
1503 1300
1116 554
637 637
968 214
930 1003
1697 1846
1123 617
1882 1318
941 1762
378 429
236 177
140 1846
16 1650
1974 1580
64 642
495 1482
37 915
240 107
446 171
897 1280
896 1506
1550 1563
637 637
1944 1002
389 1181
1437 874
332 1993
1965 1704
1518 1903
471 1920
273 1468
560 1977
824 1154
637 637
1263 162
1381 1993
288 227
1339 1868
518 1467
1252 478
461 1518
968 1555
637 637
637 637
130 1931
739 999
1825 338
835 1114
1859 1714
1596 76
489 1566
1115 1588
637 637
1601 1551
380 1662
840 839
1394 175
1603 1838
1495 183
1439 1725
564 252
304 742
599 706
738 236
702 106
1037 261
1094 143
1085 31
637 637
88 1711
570 1940
1847 578
1351 821
637 637
607 279
323 1044
609 1078
1475 83
635 1530
560 1347
1486 934
1042 447
1682 1318
119 545
1074 68
1144 1910
773 1912
1515 1749
637 637
197 1631
816 545
1635 112
241 431
1975 1199
637 637
1504 1693
723 866
354 1964
41 791
1374 1491
247 1820
1296 353
978 596
261 54
5 542
1943 626
1991 100
1813 369
1091 988
829 250
426 849
397 545
1479 1306
407 1587
1606 247
294 303
247 1275
676 1869
1829 1353
1315 98
1310 659
161 1116
99 1906
1911 324
1371 1492
727 380
179 1567
637 637
1557 422
844 321
956 94
684 354
1422 1092
1871 1054
1556 617
995 311
853 59
759 1024
1074 257
1904 1599
1686 1127
637 637
1635 1789
1684 1179
1484 432
70 1856
1480 1209
637 637
1865 32
1807 1420
1618 1605
319 338
849 52
1209 217
1808 1516
413 1951
1494 380
193 99
564 1797
1688 96
605 138
1981 1145
505 545
1519 1601
1512 952
1170 1855
1492 420
1038 1187
1111 180
790 856
1586 838
1678 1621
1024 1647
978 641
1080 1241
570 142
654 1895
573 1439
1212 1360
125 810
1589 570
965 731
410 354
328 263
1872 34
566 609
681 297
1761 1922
446 60
327 757
991 1597
1481 1800
1313 803
1933 1793
368 1876
620 1628
1258 1097
1455 128
87 574
222 1341
1767 209
592 1283
934 1772
1966 1973
681 1180
1217 1287
667 539
1967 55
637 637
637 637
637 637
576 398
336 539
589 1277
637 637
1192 47
1006 1722
1012 664
1585 956
1992 790
796 1937
1127 1463
357 580
1663 785
12 744
1848 1665
948 233
1839 749
995 70
637 637
1841 1113
700 479
660 1605
498 934
579 1641
818 839
1259 1904
1374 705
1015 998
1048 915
1947 1488
637 637
109 708
387 1663
932 933
343 496
18 1465
610 668
453 888
451 20
746 238
637 637
1312 1224
115 699
1621 1111
1058 852
1152 981
111 813
637 637
65 645
32 687
596 1589
1666 1118
123 862
641 1172
637 637
911 1182
1499 170
1977 622
1102 777
808 1831
554 328
739 904
431 1888
607 1277
158 24
300 1456
1043 16
116 1392
1039 1137
1862 947
1915 178
1890 159
1827 205
250 583
98 1079
1980 1791
1734 501
637 637
696 913
1449 1695
811 1274
646 1800
81 1445
364 762
1244 883
